Best val accuracy: 98.8%

              precision    recall  f1-score   support

           A       1.00      1.00      1.00        36
           B       1.00      1.00      1.00        27
           C       1.00      1.00      1.00        30
           D       1.00      1.00      1.00        35
           E       1.00      1.00      1.00        36
           F       1.00      1.00      1.00        36
           G       1.00      0.97      0.98        32
           H       1.00      0.85      0.92        26
           I       0.92      1.00      0.96        34
           J       0.97      0.92      0.95        39
           K       1.00      1.00      1.00        32
           L       1.00      0.96      0.98        26
           M       0.96      1.00      0.98        26
           N       0.90      1.00      0.95        38
           O       1.00      1.00      1.00        30
           P       1.00      1.00      1.00        23
           Q       1.00      1.00      1.00        32
           R       1.00      1.00      1.00        35
           S       0.98      1.00      0.99        54
           T       1.00      1.00      1.00        63
           U       1.00      1.00      1.00        29
           V       1.00      1.00      1.00        26
           W       1.00      0.97      0.99        40
           X       1.00      1.00      1.00        35
           Y       1.00      1.00      1.00        50
           Z       1.00      1.00      1.00        30

    accuracy                           0.99       900
   macro avg       0.99      0.99      0.99       900
weighted avg       0.99      0.99      0.99       900
